
===========================================================================================================================================================================================================================================================================================================================================
                                                                                                                                                                        Dependent variable:                                                                                                                                                
                        -------------------------------------------------------------------------------------------------------------------------------------------------------------------------------------------------------------------------------------------------------------------------------------------------------------------
                                  polity2                  v2x_polyarchy                v2x_libdem                 v2x_partipdem               v2x_delibdem                 v2x_egaldem                   e_fh_cl                    e_fh_pair                    e_fh_pr                    e_fh_rol                   e_fh_status        
                                    (1)                         (2)                         (3)                         (4)                         (5)                         (6)                         (7)                         (8)                         (9)                        (10)                        (11)            
-------------------------------------------------------------------------------------------------------------------------------------------------------------------------------------------------------------------------------------------------------------------------------------------------------------------------------------------
gov_d_percent                     -0.012                      -0.0003                     -0.0003                     -0.001                      -0.001                      -0.0003                     -0.005                       0.002                       0.017                       0.006                       0.003           
                                  (0.059)                     (0.002)                     (0.001)                     (0.001)                     (0.002)                     (0.001)                     (0.012)                     (0.017)                     (0.020)                     (0.024)                     (0.009)          
                                                                                                                                                                                                                                                                                                                                           
gov_r_percent                     -0.067                      -0.001                      -0.001                      -0.001                      -0.001                      -0.0004                     -0.003                       0.015                       0.020                       0.025                      -0.002           
                                  (0.052)                     (0.002)                     (0.001)                     (0.001)                     (0.001)                     (0.001)                     (0.011)                     (0.015)                     (0.018)                     (0.022)                     (0.008)          
                                                                                                                                                                                                                                                                                                                                           
gov_3_percent                      0.094                      0.007*                      0.006*                      0.004*                       0.004                      0.004*                       0.001                       0.009                      -0.024                       0.008                       0.022           
                                  (0.122)                     (0.004)                     (0.003)                     (0.002)                     (0.003)                     (0.002)                     (0.025)                     (0.035)                     (0.042)                     (0.051)                     (0.019)          
                                                                                                                                                                                                                                                                                                                                           
gov_o_percent                     -0.019                      0.0002                      -0.0005                     -0.001                      0.00003                    -0.00004                     -0.005                       0.006                       0.012                       0.005                      -0.006           
                                  (0.044)                     (0.001)                     (0.001)                     (0.001)                     (0.001)                     (0.001)                     (0.009)                     (0.013)                     (0.015)                     (0.018)                     (0.007)          
                                                                                                                                                                                                                                                                                                                                           
ngo_percent                       -0.067                      -0.001                      -0.001                      -0.001                      0.0002                      -0.0001                      0.008                       0.017                       0.021                      -0.010                       0.005           
                                  (0.046)                     (0.001)                     (0.001)                     (0.001)                     (0.001)                     (0.001)                     (0.009)                     (0.014)                     (0.015)                     (0.019)                     (0.007)          
                                                                                                                                                                                                                                                                                                                                           
igo_percent                       -0.128                      -0.004                       0.001                      -0.002                      -0.001                      -0.002                      -0.016                       0.032                      -0.032                       0.058                      -0.010           
                                  (0.110)                     (0.003)                     (0.003)                     (0.002)                     (0.003)                     (0.002)                     (0.020)                     (0.032)                     (0.034)                     (0.045)                     (0.015)          
                                                                                                                                                                                                                                                                                                                                           
corp_percent                       0.798                       0.055                       0.052                       0.007                       0.047                       0.009                       0.072                      -0.506                      -0.131                       1.486                       0.015           
                                  (4.418)                     (0.154)                     (0.118)                     (0.083)                     (0.125)                     (0.089)                     (0.937)                     (1.327)                     (1.562)                     (1.900)                     (0.701)          
                                                                                                                                                                                                                                                                                                                                           
log(total_disbursement)          0.028***                     0.0004                      0.0004*                     0.0001                      0.0003                      0.0001                     0.006***                     -0.003                      -0.004                      -0.001                       0.001           
                                  (0.010)                    (0.0003)                    (0.0002)                    (0.0001)                    (0.0002)                    (0.0002)                     (0.002)                     (0.003)                     (0.003)                     (0.004)                     (0.001)          
                                                                                                                                                                                                                                                                                                                                           
lag(polity2)                     0.870***                                                                                                                                                                                                                                                                                                  
                                  (0.006)                                                                                                                                                                                                                                                                                                  
                                                                                                                                                                                                                                                                                                                                           
lag(v2x_polyarchy)                                           0.908***                                                                                                                                                                                                                                                                      
                                                              (0.005)                                                                                                                                                                                                                                                                      
                                                                                                                                                                                                                                                                                                                                           
lag(v2x_libdem)                                                                          0.922***                                                                                                                                                                                                                                          
                                                                                          (0.004)                                                                                                                                                                                                                                          
                                                                                                                                                                                                                                                                                                                                           
lag(v2x_partipdem)                                                                                                   0.919***                                                                                                                                                                                                              
                                                                                                                      (0.005)                                                                                                                                                                                                              
                                                                                                                                                                                                                                                                                                                                           
lag(v2x_delibdem)                                                                                                                                0.934***                                                                                                                                                                                  
                                                                                                                                                  (0.004)                                                                                                                                                                                  
                                                                                                                                                                                                                                                                                                                                           
lag(v2x_egaldem)                                                                                                                                                             0.922***                                                                                                                                                      
                                                                                                                                                                              (0.005)                                                                                                                                                      
                                                                                                                                                                                                                                                                                                                                           
lag(e_fh_cl)                                                                                                                                                                                             0.907***                                                                                                                          
                                                                                                                                                                                                          (0.005)                                                                                                                          
                                                                                                                                                                                                                                                                                                                                           
lag(e_fh_pair)                                                                                                                                                                                                                       0.947***                                                                                              
                                                                                                                                                                                                                                      (0.004)                                                                                              
                                                                                                                                                                                                                                                                                                                                           
lag(e_fh_pr)                                                                                                                                                                                                                                                     0.901***                                                                  
                                                                                                                                                                                                                                                                  (0.005)                                                                  
                                                                                                                                                                                                                                                                                                                                           
lag(e_fh_rol)                                                                                                                                                                                                                                                                                0.905***                                      
                                                                                                                                                                                                                                                                                              (0.005)                                      
                                                                                                                                                                                                                                                                                                                                           
lag(e_fh_status)                                                                                                                                                                                                                                                                                                         0.893***          
                                                                                                                                                                                                                                                                                                                          (0.005)          
                                                                                                                                                                                                                                                                                                                                           
-------------------------------------------------------------------------------------------------------------------------------------------------------------------------------------------------------------------------------------------------------------------------------------------------------------------------------------------
Observations                       5,580                       6,021                       6,021                       6,021                       6,013                       6,013                       6,002                       5,834                       6,002                       5,834                       6,002           
R2                                 0.798                       0.863                       0.882                       0.879                       0.896                       0.875                       0.854                       0.900                       0.834                       0.869                       0.824           
Adjusted R2                        0.793                       0.860                       0.879                       0.876                       0.894                       0.872                       0.851                       0.897                       0.830                       0.866                       0.820           
F Statistic             2,387.867*** (df = 9; 5451) 4,120.777*** (df = 9; 5886) 4,869.253*** (df = 9; 5886) 4,740.796*** (df = 9; 5886) 5,620.626*** (df = 9; 5878) 4,555.449*** (df = 9; 5878) 3,827.222*** (df = 9; 5867) 5,676.215*** (df = 9; 5699) 3,273.046*** (df = 9; 5867) 4,198.928*** (df = 9; 5699) 3,056.616*** (df = 9; 5867)
===========================================================================================================================================================================================================================================================================================================================================
Note:                                                                                                                                                                                                                                                                                                           *p<0.1; **p<0.05; ***p<0.01
