
================================================================================================================================================================================================================================================================================================
                                                                                                                                                  Dependent variable:                                                                                                                           
                        ------------------------------------------------------------------------------------------------------------------------------------------------------------------------------------------------------------------------------------------------------------------------
                                polity2               v2x_polyarchy              v2x_libdem             v2x_partipdem             v2x_delibdem             v2x_egaldem                e_fh_cl                e_fh_pair              e_fh_pr                e_fh_rol             e_fh_status     
                                  (1)                      (2)                      (3)                      (4)                      (5)                      (6)                      (7)                     (8)                   (9)                    (10)                   (11)        
------------------------------------------------------------------------------------------------------------------------------------------------------------------------------------------------------------------------------------------------------------------------------------------------
gov_d_percent                    0.007                    0.006                    0.005                    0.003                    0.001                    0.002                    0.040                   0.022                 0.006                  -0.067                 0.015        
                                (0.132)                  (0.005)                  (0.004)                  (0.003)                  (0.005)                  (0.003)                  (0.031)                 (0.054)               (0.049)                (0.068)                (0.021)       
                                                                                                                                                                                                                                                                                                
gov_r_percent                    0.040                    0.008*                   0.006                    0.004                    0.005                    0.004                   -0.013                   0.063                 -0.047                 0.056                  -0.024       
                                (0.116)                  (0.005)                  (0.004)                  (0.003)                  (0.004)                  (0.003)                  (0.028)                 (0.048)               (0.044)                (0.060)                (0.019)       
                                                                                                                                                                                                                                                                                                
gov_3_percent                    0.339                   0.028**                  0.025***                 0.014**                   0.015                   0.014**                   0.068                  -0.044                 -0.113                 -0.229                 0.009        
                                (0.275)                  (0.011)                  (0.009)                  (0.006)                  (0.010)                  (0.007)                  (0.066)                 (0.112)               (0.103)                (0.142)                (0.045)       
                                                                                                                                                                                                                                                                                                
gov_o_percent                    -0.042                   0.0002                   0.001                    -0.001                   0.0002                   -0.001                  -0.034                   0.049                 -0.047                0.115**                -0.028*       
                                (0.097)                  (0.004)                  (0.003)                  (0.002)                  (0.004)                  (0.002)                  (0.023)                 (0.039)               (0.036)                (0.050)                (0.016)       
                                                                                                                                                                                                                                                                                                
ngo_percent                      -0.106                   0.001                    0.001                    0.0003                   0.002                    0.002                   0.044*                  -0.003                -0.0001                 -0.041                 0.002        
                                (0.100)                  (0.004)                  (0.003)                  (0.002)                  (0.004)                  (0.002)                  (0.023)                 (0.042)               (0.036)                (0.053)                (0.016)       
                                                                                                                                                                                                                                                                                                
igo_percent                      -0.376                  -0.014*                   -0.007                   -0.003                   0.002                    -0.004                 -0.109**                  0.028                 -0.043                 0.045                  -0.033       
                                (0.245)                  (0.009)                  (0.007)                  (0.005)                  (0.008)                  (0.005)                  (0.051)                 (0.100)               (0.080)                (0.126)                (0.035)       
                                                                                                                                                                                                                                                                                                
corp_percent                     7.119                    0.555                    0.549                    0.207                    0.649*                   0.214                   -0.173                  -0.939                 -0.941                12.484**                0.040        
                                (9.941)                  (0.418)                  (0.345)                  (0.239)                  (0.386)                  (0.252)                  (2.469)                 (4.223)               (3.874)                (5.340)                (1.691)       
                                                                                                                                                                                                                                                                                                
log(total_disbursement)         0.182***                 0.006***                 0.005***                 0.004***                 0.006***                 0.004***                0.024***                -0.038***               -0.006               -0.099***               0.006**       
                                (0.019)                  (0.001)                  (0.001)                  (0.0004)                 (0.001)                  (0.0004)                 (0.004)                 (0.008)               (0.006)                (0.010)                (0.003)       
                                                                                                                                                                                                                                                                                                
------------------------------------------------------------------------------------------------------------------------------------------------------------------------------------------------------------------------------------------------------------------------------------------------
Observations                     5,691                    6,108                    6,108                    6,108                    6,100                    6,100                    6,089                   5,950                 6,089                  5,950                  6,089        
R2                               0.018                    0.019                    0.020                    0.023                    0.019                    0.019                    0.009                   0.004                 0.001                  0.020                  0.002        
Adjusted R2                      -0.004                   -0.003                   -0.001                   0.002                    -0.003                   -0.003                  -0.013                  -0.018                 -0.021                 -0.002                 -0.020       
F Statistic             12.993*** (df = 8; 5563) 14.442*** (df = 8; 5974) 15.537*** (df = 8; 5974) 17.798*** (df = 8; 5974) 14.334*** (df = 8; 5966) 14.271*** (df = 8; 5966) 6.786*** (df = 8; 5955) 3.184*** (df = 8; 5816) 0.633 (df = 8; 5955) 14.782*** (df = 8; 5816) 1.554 (df = 8; 5955)
================================================================================================================================================================================================================================================================================================
Note:                                                                                                                                                                                                                                                                *p<0.1; **p<0.05; ***p<0.01
