
========================================================================================================================================================================================================================================================================================================
                                                                                                                                                      Dependent variable:                                                                                                                               
                        --------------------------------------------------------------------------------------------------------------------------------------------------------------------------------------------------------------------------------------------------------------------------------
                                polity2              v2x_polyarchy              v2x_libdem             v2x_partipdem             v2x_delibdem             v2x_egaldem                e_fh_cl                 e_fh_pair                 e_fh_pr                 e_fh_rol               e_fh_status       
                                  (1)                     (2)                      (3)                      (4)                      (5)                      (6)                      (7)                      (8)                      (9)                     (10)                     (11)          
--------------------------------------------------------------------------------------------------------------------------------------------------------------------------------------------------------------------------------------------------------------------------------------------------------
gov_d_percent                   -0.009                   0.0002                   0.0004                   0.0004                   0.0004                  0.00001                  -0.0004                   -0.008                   0.001                   -0.005                  0.010***        
                                (0.020)                 (0.001)                  (0.001)                  (0.0004)                 (0.001)                  (0.0004)                 (0.004)                  (0.007)                  (0.007)                 (0.010)                  (0.003)         
                                                                                                                                                                                                                                                                                                        
gov_r_percent                   0.126*                  0.007***                  0.004                    0.003*                   0.004                   0.004**                   -0.008                   0.048*                 -0.073***                 0.012                  -0.035***        
                                (0.073)                 (0.003)                  (0.002)                  (0.002)                  (0.002)                  (0.002)                  (0.016)                  (0.027)                  (0.025)                 (0.036)                  (0.011)         
                                                                                                                                                                                                                                                                                                        
gov_3_percent                   -0.488*                  -0.015                   -0.005                  -0.010*                   -0.009                   -0.007                   0.110*                 -0.308***                0.326***                 -0.252*                  0.112***        
                                (0.285)                 (0.010)                  (0.008)                  (0.006)                  (0.009)                  (0.006)                  (0.058)                  (0.101)                  (0.093)                 (0.135)                  (0.040)         
                                                                                                                                                                                                                                                                                                        
gov_o_percent                    0.017                  0.001***                 0.001**                  0.001**                  0.001**                  0.001**                   0.001                    0.004                   -0.004                   -0.004                   -0.002         
                                (0.011)                 (0.0004)                 (0.0003)                 (0.0002)                 (0.0003)                 (0.0002)                 (0.002)                  (0.004)                  (0.003)                 (0.005)                  (0.001)         
                                                                                                                                                                                                                                                                                                        
ngo_percent                     0.010**                  0.0001                  -0.0001                   0.0001                  0.00004                  0.00005                  -0.0001                   0.002                   -0.0002                  -0.003                   0.001          
                                (0.004)                 (0.0002)                 (0.0001)                 (0.0001)                 (0.0001)                 (0.0001)                 (0.001)                  (0.002)                  (0.001)                 (0.002)                  (0.001)         
                                                                                                                                                                                                                                                                                                        
igo_percent                     -0.036                 -0.005***                  -0.002                  -0.002**                  -0.001                   -0.002                  0.028**                 -0.059***                 -0.005                 -0.079***                  0.014*         
                                (0.054)                 (0.002)                  (0.002)                  (0.001)                  (0.002)                  (0.001)                  (0.011)                  (0.020)                  (0.018)                 (0.027)                  (0.008)         
                                                                                                                                                                                                                                                                                                        
corp_percent                     9.484                   0.462*                  0.411**                   0.116                   0.565**                   0.187                    0.201                    0.079                   -0.861                  6.699**                   -0.204         
                                (6.298)                 (0.253)                  (0.205)                  (0.143)                  (0.226)                  (0.149)                  (1.432)                  (2.472)                  (2.285)                 (3.282)                  (0.984)         
                                                                                                                                                                                                                                                                                                        
log(total_disbursement)          0.055                   0.004*                  0.004***                 0.003**                  0.005***                 0.003**                   -0.001                   -0.027                  -0.001                   -0.027                   -0.002         
                                (0.051)                 (0.002)                  (0.001)                  (0.001)                  (0.002)                  (0.001)                  (0.010)                  (0.020)                  (0.016)                 (0.026)                  (0.007)         
                                                                                                                                                                                                                                                                                                        
gov_d_indicator                  0.116                   0.006                    0.002                    0.003                    -0.002                   0.0003                  0.071**                   0.081                    0.014                   -0.102                   0.001          
                                (0.152)                 (0.006)                  (0.005)                  (0.003)                  (0.005)                  (0.004)                  (0.034)                  (0.059)                  (0.055)                 (0.078)                  (0.024)         
                                                                                                                                                                                                                                                                                                        
gov_r_indicator                  0.183                   -0.005                   -0.003                   -0.003                   -0.001                   0.001                    0.029                   -0.155**                  0.061                   -0.104                   0.018          
                                (0.168)                 (0.007)                  (0.005)                  (0.004)                  (0.006)                  (0.004)                  (0.038)                  (0.065)                  (0.060)                 (0.086)                  (0.026)         
                                                                                                                                                                                                                                                                                                        
gov_3_indicator                  0.150                   0.011                    0.005                    0.009                   -0.0002                   -0.002                   0.004                    0.144                   -0.084                   0.028                    0.018          
                                (0.281)                 (0.011)                  (0.009)                  (0.006)                  (0.010)                  (0.006)                  (0.062)                  (0.108)                  (0.099)                 (0.143)                  (0.043)         
                                                                                                                                                                                                                                                                                                        
gov_o_indicator                 -0.117                   -0.004                   -0.006                  -0.006*                   -0.007                  -0.006*                   -0.005                   -0.036                  -0.011                   0.156*                   -0.003         
                                (0.164)                 (0.006)                  (0.005)                  (0.003)                  (0.005)                  (0.003)                  (0.033)                  (0.063)                  (0.052)                 (0.083)                  (0.023)         
                                                                                                                                                                                                                                                                                                        
corp_indicator                  -0.383                   -0.009                   -0.003                  -0.00003                  -0.015                   -0.002                   0.024                    -0.039                   0.109                  -0.306*                   0.067          
                                (0.377)                 (0.014)                  (0.011)                  (0.008)                  (0.012)                  (0.008)                  (0.079)                  (0.136)                  (0.126)                 (0.180)                  (0.054)         
                                                                                                                                                                                                                                                                                                        
ngo_indicator                  -0.543**                  -0.003                   -0.003                   -0.001                   -0.004                   -0.001                  0.129***                  0.032                    0.082                   -0.137                   0.003          
                                (0.264)                 (0.009)                  (0.007)                  (0.005)                  (0.008)                  (0.005)                  (0.049)                  (0.094)                  (0.079)                 (0.125)                  (0.034)         
                                                                                                                                                                                                                                                                                                        
igo_indicator                  0.343***                  0.001                    0.002                    0.003                    0.004                    0.003                  -0.094***                 0.135***                -0.102**                 0.149**                 -0.056***        
                                (0.128)                 (0.005)                  (0.004)                  (0.003)                  (0.004)                  (0.003)                  (0.028)                  (0.050)                  (0.045)                 (0.066)                  (0.019)         
                                                                                                                                                                                                                                                                                                        
--------------------------------------------------------------------------------------------------------------------------------------------------------------------------------------------------------------------------------------------------------------------------------------------------------
Observations                     1,120                   1,251                    1,251                    1,251                    1,250                    1,250                    1,248                    1,179                    1,248                   1,179                    1,248          
R2                               0.050                   0.040                    0.033                    0.040                    0.031                    0.036                    0.041                    0.035                    0.024                   0.064                    0.045          
Adjusted R2                     -0.079                   -0.081                   -0.089                   -0.082                   -0.091                   -0.086                   -0.080                   -0.095                  -0.099                   -0.062                   -0.076         
F Statistic             3.473*** (df = 15; 985) 3.069*** (df = 15; 1110) 2.496*** (df = 15; 1110) 3.044*** (df = 15; 1110) 2.390*** (df = 15; 1109) 2.721*** (df = 15; 1109) 3.144*** (df = 15; 1107) 2.501*** (df = 15; 1038) 1.825** (df = 15; 1107) 4.722*** (df = 15; 1038) 3.495*** (df = 15; 1107)
========================================================================================================================================================================================================================================================================================================
Note:                                                                                                                                                                                                                                                                        *p<0.1; **p<0.05; ***p<0.01
